0.0
15.5
15.5
15.5
15.5
20.6
18.5
16.4
14.3
14.3
14.3
17.2
17.2
17.2
17.2
9.5
6.9
6.9
6.9
4.5
5.3
5.3
6.1
6.9
6.9
6.9
11.8
11.8
11.8
26.0
14.2
14.2
14.2
14.2
14.2
20.5
20.5
20.5
20.5
15.5
15.5
15.5
15.5
20.6
20.6
6.4
5.4
5.4
10.3
15.6
15.6
11.5
9.7
8.0
8.0
4.5
4.5
5.3
5.3
5.3
5.3
5.3
0.0
0.0
0.0
0.0
0.0
14.2
14.2
14.2
14.2
14.2
14.2
20.5
20.5
20.5
20.5
20.5
20.5
15.5
14.5
19.5
17.8
16.1
16.1
14.3
0.1
5.4
5.4
5.4
5.4
3.0
8.0
8.0
7.1
7.9
6.1
6.1
0.0
0.0
0.0
0.0
0.0
0.0
14.2
14.2
14.2
14.2
14.2
14.2
20.5
6.3
6.3
6.3
6.3
6.3
6.3
5.6
5.7
5.7
2.2
2.2
7.5
7.5
7.5
5.1
3.0
3.0
3.0
3.0
3.0
15.4
15.4
12.7
19.0
19.7
24.7
22.6
25.6
18.6
4.4
9.6
9.6
5.4
5.4
3.0
3.0
3.8
12.9
11.1
11.1
15.5
15.5
15.5
20.5
18.5
18.5
16.4
21.3
21.3
19.6
19.6
19.6
24.5
24.5
24.5
24.5
38.7
38.7
38.7
45.0
45.0
39.9
34.7
39.8
39.8
39.8
