0.0
15.4
15.4
15.4
15.4
19.3
17.7
16.0
14.4
14.4
14.4
18.5
18.5
18.5
19.2
13.1
11.1
11.1
11.1
12.7
12.7
12.5
12.5
12.5
12.5
12.5
12.5
12.5
9.1
20.2
10.9
10.3
10.3
10.5
10.5
15.4
15.4
15.4
15.4
15.4
15.4
15.4
15.4
20.0
20.0
8.8
8.0
8.0
8.0
12.1
12.1
10.8
9.4
8.1
8.1
4.1
4.1
7.5
7.5
7.5
7.5
7.3
3.2
3.2
3.2
3.2
3.2
14.3
14.3
10.9
10.9
10.3
10.5
15.4
15.4
15.4
15.4
15.4
15.4
15.4
14.6
18.6
17.2
15.8
15.8
14.4
3.9
8.1
8.1
8.1
8.1
8.1
8.1
8.1
7.4
10.9
8.8
8.8
3.4
3.4
3.4
3.2
3.2
3.2
3.2
14.3
14.3
13.8
13.8
13.8
13.8
18.1
7.1
7.1
7.1
7.1
7.1
7.1
6.6
10.6
11.1
8.4
8.4
12.4
12.4
12.4
12.4
14.2
14.2
14.2
14.2
14.6
23.7
20.3
18.2
22.4
21.8
21.8
20.3
22.1
20.4
9.3
13.4
13.5
10.2
10.2
13.6
13.6
10.8
6.5
6.5
17.7
15.6
15.6
17.8
17.8
17.8
17.8
19.6
19.7
18.1
22.1
22.1
20.5
20.6
24.0
23.9
23.9
23.9
24.3
32.5
32.5
32.5
37.4
37.4
34.0
29.9
33.4
33.4
33.7
